throughput: 78380.17
relabelling: 0.00
idleness: 18402.65
throughput: 79555.56
relabelling: 0.00
idleness: 18390.75
